MARKET_CONTRACT=0xe3Eb84D7e271A5C44B27578547f69C80c497355B
MARKET_USDC=46.809834759313123696
SERVER_WALLET=0xa4B1B886f955b2342bC9bB4f7B80839357378b76
SERVER_USDC=1.992216439902026248
SERVER_BNB=0.007608743576619003
